20 20
F 33 2 17 55 
F 3 2 11 55 
F 3 8 9 55 
W 9 18 14 55 
H 2 1 23 17 14 54 
D 0 1 0 54 
P 10 7 2 54 
B 99 13 2 53 
B 99 14 2 51 
D 0 2 0 50 
U 0 6 16 49 
D 0 2 1 49 
D 0 0 0 47 
U 0 16 5 46 
B 99 12 2 46 
D 0 1 1 46 
U 0 6 17 45 
D 0 3 1 43 
D 0 0 1 43 
U 0 7 16 43 
U 0 14 4 42 
U 0 6 18 42 
D 0 1 2 41 
D 0 0 2 41 
D 0 3 0 40 
P 10 8 2 39 
D 0 2 2 39 
D 0 4 2 39 
D 0 2 3 39 
D 0 1 3 39 
D 0 4 0 38 
D 0 4 3 38 
G 0 8 10 37 
D 0 3 2 37 
D 0 1 4 37 
U 0 15 3 36 
D 0 4 1 36 
D 0 5 1 36 
D 0 5 2 36 
D 0 2 4 36 
D 0 0 4 36 
D 0 5 0 36 
B 99 13 3 35 
D 0 0 3 35 
D 0 0 5 35 
D 0 6 1 35 
D 0 1 5 34 
D 0 6 2 34 
D 0 2 5 34 
D 0 6 0 34 
B 99 13 1 33 
D 0 5 3 33 
D 0 7 1 33 
D 0 7 0 33 
D 0 3 3 32 
D 0 4 4 32 
D 0 3 5 32 
D 0 6 3 32 
D 0 0 6 31 
D 0 5 4 31 
D 0 8 0 31 
D 0 3 4 31 
D 0 4 5 31 
D 0 7 4 31 
D 0 7 3 30 
D 0 8 1 30 
D 0 5 5 30 
D 0 6 4 30 
D 0 1 6 30 
D 0 6 5 30 
U 0 16 7 29 
B 99 12 3 29 
G 0 7 9 29 
D 0 9 1 29 
D 0 1 7 29 
B 99 14 1 28 
U 0 13 5 28 
U 0 5 18 28 
P 10 8 3 28 
D 0 5 6 28 
D 0 9 2 28 
D 0 0 7 28 
D 0 10 0 28 
D 0 9 0 27 
B 99 11 3 27 
U 0 16 3 27 
D 0 2 6 27 
D 0 8 5 27 
D 0 0 8 27 
D 0 9 4 27 
D 0 9 5 27 
B 99 11 1 26 
U 0 7 19 26 
D 0 7 6 26 
D 0 10 2 26 
D 0 9 3 26 
U 0 17 4 25 
B 99 14 0 25 
D 0 4 8 25 
U 0 7 18 25 
D 0 10 3 25 
D 0 10 1 25 
D 0 0 9 25 
U 0 15 2 24 
G 0 6 9 24 
D 0 10 5 24 
D 0 4 7 24 
D 0 3 9 24 
D 0 10 4 24 
B 99 14 3 23 
U 0 16 8 23 
U 0 4 18 23 
U 0 15 5 23 
D 0 7 7 23 
U 0 16 1 23 
D 0 2 10 23 
B 99 11 2 22 
D 0 11 0 22 
D 0 5 9 22 
D 0 6 8 22 
D 0 8 6 21 
U 0 17 3 21 
D 0 10 6 21 
D 0 5 8 21 
U 0 16 2 21 
D 0 3 10 21 
U 0 17 8 21 
D 0 12 0 21 
D 0 7 8 21 
D 0 1 11 21 
D 0 0 11 21 
D 0 4 9 20 
G 0 6 10 20 
D 0 13 0 20 
D 0 0 10 20 
D 0 3 8 19 
B 99 11 4 19 
U 0 16 0 19 
D 0 12 1 19 
D 0 1 12 19 
G 0 8 8 18 
U 0 3 19 18 
D 0 5 10 18 
U 0 16 9 18 
D 0 0 12 18 
U 0 17 0 18 
U 0 5 16 17 
U 0 16 4 17 
D 0 8 7 17 
U 0 18 5 17 
D 0 1 9 17 
G 0 7 10 17 
U 0 15 9 17 
B 99 12 4 16 
B 99 15 1 16 
U 0 17 7 16 
D 0 1 10 16 
D 0 6 11 16 
D 0 9 6 16 
G 0 7 11 15 
U 0 15 7 15 
U 0 8 19 15 
D 0 2 9 15 
G 0 5 11 15 
U 0 15 4 14 
D 0 11 5 14 
D 0 1 8 14 
D 0 10 7 14 
G 0 8 11 14 
U 0 15 6 14 
U 0 8 18 14 
U 0 18 3 13 
D 0 11 6 13 
D 0 4 10 13 
D 0 2 8 13 
B 99 12 5 13 
U 0 14 5 13 
U 0 18 4 12 
U 0 17 5 12 
U 0 18 7 12 
D 0 7 12 12 
U 0 15 8 12 
D 0 6 12 12 
D 0 11 7 12 
D 0 3 6 11 
U 0 17 6 11 
U 0 14 6 11 
D 0 3 11 11 
U 0 14 8 11 
D 0 11 9 11 
D 0 7 13 11 
D 0 12 8 11 
U 0 13 4 10 
B 99 15 0 10 
U 0 17 2 10 
U 0 18 2 10 
U 0 17 1 10 
U 0 5 15 10 
D 0 6 13 10 
D 0 11 8 10 
U 0 14 9 10 
U 0 13 7 10 
D 0 13 9 10 
U 0 16 6 9 
U 0 5 17 9 
U 0 5 19 9 
U 0 6 19 9 
U 0 4 19 9 
U 0 3 18 9 
U 0 4 17 9 
U 0 19 6 9 
U 0 14 10 9 
U 0 14 7 9 
G 0 9 11 9 
U 0 19 3 9 
U 0 19 4 9 
U 0 19 1 9 
D 0 10 10 9 
D 0 13 8 9 
D 0 2 7 8 
D 0 3 7 8 
D 0 1 13 8 
U 0 6 15 8 
D 0 12 7 8 
D 0 8 13 8 
U 0 18 6 8 
D 0 11 10 8 
D 0 6 14 8 
D 0 2 12 8 
U 0 12 6 8 
U 0 13 6 8 
U 0 19 0 8 
D 0 11 11 8 
U 0 7 17 7 
D 0 4 6 7 
D 0 0 13 7 
U 0 9 19 7 
D 0 12 9 7 
D 0 10 11 7 
D 0 12 11 7 
D 0 5 7 6 
U 0 15 10 6 
D 0 8 12 6 
D 0 12 10 6 
U 0 19 2 6 
D 0 2 13 6 
U 0 7 15 5 
D 0 6 7 5 
D 0 5 12 5 
D 0 4 13 5 
D 0 3 13 5 
D 0 10 8 5 
U 0 4 16 5 
D 0 13 12 5 
D 0 9 13 5 
D 0 13 10 5 
U 0 2 18 4 
D 0 4 11 4 
D 0 9 7 4 
D 0 9 12 4 
D 0 0 14 4 
D 0 13 11 4 
D 0 1 14 4 
D 0 6 6 4 
D 0 8 14 4 
D 0 7 5 3 
D 0 8 4 3 
D 0 9 8 3 
U 0 18 0 3 
U 0 15 11 3 
D 0 9 14 3 
U 0 9 18 3 
D 0 3 14 3 
D 0 14 11 3 
D 0 1 15 3 
G 0 9 9 2 
D 0 7 14 2 
U 0 3 16 2 
U 0 19 5 2 
U 0 16 11 2 
D 0 2 14 2 
U 0 3 15 2 
D 0 0 15 2 
U 0 2 16 2 
U 0 14 12 2 
D 0 9 15 2 
U 0 17 9 1 
U 0 2 19 1 
U 0 4 15 1 
U 0 19 8 1 
D 0 4 12 1 
U 0 18 1 1 
D 0 5 14 1 
D 0 10 9 1 
U 0 10 19 1 
D 0 4 14 1 
U 0 1 17 1 
D 0 10 13 1 
D 0 10 15 1 
D 0 0 16 1 
D 0 2 15 1 
D 0 1 16 1 
