20 20
F 3 1 15 16 
F 3 7 9 16 
W 9 4 13 16 
W 9 12 14 16 
A 7 15 5 16 
H 5 1 5 5 10 14 
T 2 10 2 14 
D 0 1 0 15 
P 10 7 2 15 
U 0 5 15 14 
B 99 13 2 14 
P 10 6 1 14 
P 10 6 2 13 
D 0 1 1 12 
P 10 7 1 12 
D 0 2 0 10 
P 10 8 2 9 
D 0 3 0 9 
D 0 3 1 9 
P 10 6 3 8 
B 99 14 2 8 
D 0 1 2 8 
D 0 0 0 7 
D 0 2 2 7 
P 10 5 1 6 
D 0 0 1 6 
D 0 4 1 6 
D 0 0 3 6 
D 0 3 2 5 
D 0 3 3 5 
D 0 2 1 4 
D 0 4 0 4 
D 0 4 2 4 
U 0 16 6 3 
D 0 0 2 3 
D 0 2 3 3 
P 10 5 3 2 
D 0 1 3 2 
D 0 5 2 2 
P 10 9 2 1 
D 0 1 4 1 
D 0 0 4 1 
D 0 4 3 1 
