20 20
F 27 2 17 53 
F 3 4 12 53 
F 3 10 9 53 
W 9 19 15 53 
H 4 1 23 17 14 52 
D 0 1 0 52 
P 10 7 2 52 
B 99 13 2 51 
B 99 14 2 49 
D 0 2 0 48 
U 0 6 16 47 
D 0 2 1 47 
D 0 0 0 45 
U 0 16 5 44 
B 99 12 2 44 
D 0 1 1 44 
U 0 6 17 43 
D 0 3 1 41 
D 0 0 1 41 
U 0 7 16 41 
U 0 14 4 40 
U 0 6 18 40 
D 0 1 2 39 
D 0 0 2 39 
D 0 3 0 38 
P 10 8 2 37 
D 0 2 2 37 
D 0 4 2 37 
D 0 2 3 37 
D 0 1 3 37 
D 0 4 0 36 
D 0 4 3 36 
G 0 8 10 35 
D 0 3 2 35 
D 0 1 4 35 
U 0 15 3 34 
D 0 4 1 34 
D 0 5 1 34 
D 0 5 2 34 
D 0 2 4 34 
D 0 0 4 34 
D 0 5 0 34 
B 99 13 3 33 
D 0 0 3 33 
D 0 0 5 33 
D 0 6 1 33 
D 0 1 5 32 
D 0 6 2 32 
D 0 2 5 32 
D 0 6 0 32 
B 99 13 1 31 
D 0 5 3 31 
D 0 7 1 31 
D 0 7 0 31 
D 0 3 3 30 
D 0 4 4 30 
D 0 3 5 30 
D 0 6 3 30 
D 0 0 6 29 
D 0 5 4 29 
D 0 8 0 29 
D 0 3 4 29 
D 0 4 5 29 
D 0 7 4 29 
D 0 7 3 28 
D 0 8 1 28 
D 0 5 5 28 
D 0 6 4 28 
D 0 1 6 28 
D 0 6 5 28 
U 0 16 7 27 
B 99 12 3 27 
G 0 7 9 27 
D 0 9 1 27 
D 0 1 7 27 
B 99 14 1 26 
U 0 13 5 26 
U 0 5 18 26 
P 10 8 3 26 
D 0 5 6 26 
D 0 9 2 26 
D 0 0 7 26 
D 0 10 0 26 
D 0 9 0 25 
B 99 11 3 25 
U 0 16 3 25 
D 0 2 6 25 
D 0 8 5 25 
D 0 0 8 25 
D 0 9 4 25 
D 0 9 5 25 
B 99 11 1 24 
U 0 7 19 24 
D 0 7 6 24 
D 0 10 2 24 
D 0 9 3 24 
U 0 17 4 23 
B 99 14 0 23 
D 0 4 8 23 
U 0 7 18 23 
D 0 10 3 23 
D 0 10 1 23 
D 0 0 9 23 
U 0 15 2 22 
G 0 6 9 22 
D 0 10 5 22 
D 0 4 7 22 
D 0 3 9 22 
D 0 10 4 22 
B 99 14 3 21 
U 0 16 8 21 
U 0 4 18 21 
U 0 15 5 21 
D 0 7 7 21 
U 0 16 1 21 
D 0 2 10 21 
B 99 11 2 20 
D 0 11 0 20 
D 0 5 9 20 
D 0 6 8 20 
D 0 8 6 19 
G 0 8 9 19 
U 0 17 3 19 
D 0 10 6 19 
D 0 5 8 19 
U 0 16 2 19 
D 0 3 10 19 
U 0 17 8 19 
D 0 12 0 19 
D 0 7 8 19 
D 0 1 11 19 
D 0 0 11 19 
D 0 4 9 18 
G 0 6 10 18 
D 0 13 0 18 
D 0 0 10 18 
D 0 3 8 17 
B 99 11 4 17 
U 0 16 0 17 
D 0 12 1 17 
D 0 1 12 17 
G 0 8 8 16 
U 0 3 19 16 
D 0 5 10 16 
U 0 16 9 16 
D 0 0 12 16 
U 0 17 0 16 
U 0 5 16 15 
U 0 16 4 15 
D 0 8 7 15 
U 0 18 5 15 
D 0 1 9 15 
G 0 7 10 15 
U 0 15 9 15 
B 99 12 4 14 
B 99 15 1 14 
U 0 17 7 14 
D 0 1 10 14 
D 0 6 11 14 
D 0 9 6 14 
G 0 7 11 13 
U 0 15 7 13 
U 0 8 19 13 
D 0 2 9 13 
G 0 5 11 13 
D 0 3 12 13 
U 0 15 4 12 
D 0 11 5 12 
D 0 1 8 12 
D 0 10 7 12 
G 0 8 11 12 
U 0 15 6 12 
U 0 8 18 12 
U 0 18 3 11 
D 0 11 6 11 
D 0 4 10 11 
D 0 2 8 11 
B 99 12 5 11 
U 0 14 5 11 
U 0 18 4 10 
U 0 17 5 10 
U 0 18 7 10 
D 0 7 12 10 
U 0 15 8 10 
D 0 6 12 10 
D 0 11 7 10 
D 0 3 6 9 
U 0 17 6 9 
U 0 14 6 9 
D 0 3 11 9 
U 0 14 8 9 
D 0 11 9 9 
D 0 7 13 9 
D 0 12 8 9 
U 0 13 4 8 
B 99 15 0 8 
U 0 17 2 8 
U 0 18 2 8 
D 0 2 11 8 
U 0 17 1 8 
U 0 5 15 8 
D 0 6 13 8 
D 0 11 8 8 
U 0 14 9 8 
U 0 13 7 8 
D 0 13 9 8 
U 0 16 6 7 
U 0 5 17 7 
U 0 5 19 7 
U 0 6 19 7 
U 0 4 19 7 
U 0 3 18 7 
U 0 4 17 7 
U 0 19 6 7 
U 0 14 10 7 
U 0 14 7 7 
G 0 9 11 7 
U 0 19 3 7 
U 0 19 4 7 
U 0 19 1 7 
D 0 10 10 7 
D 0 9 10 7 
D 0 13 8 7 
D 0 2 7 6 
D 0 3 7 6 
D 0 1 13 6 
U 0 6 15 6 
D 0 12 7 6 
D 0 8 13 6 
U 0 18 6 6 
D 0 11 10 6 
D 0 6 14 6 
D 0 2 12 6 
U 0 12 6 6 
U 0 13 6 6 
U 0 19 0 6 
D 0 11 11 6 
U 0 7 17 5 
D 0 4 6 5 
D 0 0 13 5 
U 0 9 19 5 
D 0 12 9 5 
D 0 10 11 5 
D 0 12 11 5 
D 0 5 7 4 
U 0 15 10 4 
D 0 8 12 4 
D 0 12 10 4 
U 0 19 2 4 
D 0 2 13 4 
U 0 7 15 3 
D 0 6 7 3 
D 0 5 12 3 
D 0 4 13 3 
D 0 3 13 3 
D 0 10 8 3 
U 0 4 16 3 
D 0 13 12 3 
D 0 9 13 3 
D 0 13 10 3 
U 0 2 18 2 
D 0 4 11 2 
D 0 9 7 2 
D 0 9 12 2 
D 0 0 14 2 
D 0 13 11 2 
D 0 1 14 2 
D 0 6 6 2 
D 0 8 14 2 
D 0 7 5 1 
D 0 8 4 1 
D 0 9 8 1 
U 0 18 0 1 
U 0 3 17 1 
U 0 15 11 1 
D 0 9 14 1 
U 0 9 18 1 
D 0 3 14 1 
D 0 14 11 1 
D 0 1 15 1 
